0.00 40.00
80.00 40.00
220.00 40.00
280.00 40.00
300.00 40.00
320.00 40.00
320.00 40.00
320.00 40.00
340.00 40.00
320.00 40.00
320.00 40.00
340.00 40.00
320.00 40.00
340.00 40.00
320.00 40.00
340.00 40.00
320.00 40.00
320.00 40.00
340.00 40.00
320.00 40.00
340.00 40.00
340.00 40.00
320.00 40.00
320.00 40.00
340.00 40.00
320.00 80.00
440.00 80.00
560.00 80.00
620.00 80.00
660.00 80.00
660.00 80.00
680.00 80.00
680.00 80.00
680.00 80.00
680.00 80.00
700.00 80.00
680.00 80.00
680.00 80.00
680.00 80.00
700.00 80.00
680.00 80.00
680.00 80.00
680.00 80.00
700.00 80.00
680.00 80.00
680.00 80.00
680.00 80.00
700.00 80.00
680.00 80.00
700.00 80.00
680.00 80.00
680.00 80.00
680.00 80.00
680.00 80.00
700.00 80.00
680.00 80.00
680.00 80.00
680.00 80.00
700.00 80.00
680.00 80.00
680.00 80.00
700.00 80.00
680.00 80.00
680.00 80.00
680.00 80.00
700.00 80.00
680.00 80.00
680.00 80.00
700.00 80.00
680.00 80.00
680.00 80.00
700.00 80.00
680.00 80.00
680.00 80.00
680.00 80.00
700.00 80.00
680.00 80.00
680.00 80.00
680.00 80.00
700.00 80.00
680.00 80.00
680.00 80.00
700.00 80.00
680.00 80.00
680.00 80.00
680.00 80.00
700.00 80.00
680.00 80.00
680.00 80.00
700.00 80.00
680.00 80.00
680.00 80.00
700.00 80.00
680.00 80.00
680.00 80.00
680.00 80.00
700.00 80.00
680.00 80.00
680.00 80.00
700.00 80.00
