0.00 20.00
40.00 20.00
120.00 20.00
120.00 20.00
140.00 20.00
140.00 20.00
140.00 20.00
140.00 20.00
160.00 20.00
140.00 20.00
140.00 20.00
160.00 20.00
140.00 20.00
160.00 20.00
140.00 20.00
160.00 20.00
140.00 20.00
160.00 20.00
140.00 20.00
160.00 20.00
140.00 20.00
160.00 20.00
140.00 20.00
140.00 20.00
160.00 20.00
140.00 40.00
200.00 40.00
280.00 40.00
300.00 40.00
320.00 40.00
320.00 40.00
320.00 40.00
320.00 40.00
340.00 40.00
320.00 40.00
340.00 40.00
320.00 40.00
340.00 40.00
320.00 40.00
320.00 40.00
340.00 40.00
320.00 40.00
340.00 40.00
320.00 40.00
340.00 40.00
320.00 40.00
340.00 40.00
320.00 40.00
320.00 40.00
340.00 40.00
320.00 40.00
340.00 40.00
320.00 40.00
340.00 40.00
320.00 40.00
340.00 40.00
340.00 40.00
320.00 40.00
320.00 40.00
340.00 40.00
320.00 40.00
340.00 40.00
320.00 40.00
320.00 40.00
340.00 40.00
320.00 40.00
340.00 40.00
320.00 40.00
340.00 40.00
320.00 40.00
340.00 40.00
320.00 40.00
340.00 40.00
320.00 40.00
340.00 40.00
320.00 40.00
340.00 40.00
320.00 40.00
340.00 40.00
320.00 40.00
320.00 40.00
340.00 40.00
340.00 40.00
320.00 40.00
340.00 40.00
320.00 40.00
320.00 40.00
340.00 40.00
320.00 40.00
320.00 40.00
340.00 40.00
320.00 40.00
340.00 40.00
320.00 40.00
340.00 40.00
320.00 40.00
340.00 40.00
320.00 40.00
340.00 40.00
320.00 40.00
