0.00 -40.00
-100.00 -40.00
-220.00 -40.00
-280.00 -40.00
-320.00 -40.00
-320.00 -40.00
-320.00 -40.00
-320.00 -40.00
-340.00 -40.00
-320.00 -40.00
-340.00 -40.00
-320.00 -40.00
-340.00 -40.00
-320.00 -40.00
-340.00 -40.00
-340.00 -40.00
-320.00 -40.00
-340.00 -40.00
-340.00 -40.00
-320.00 -40.00
-340.00 -40.00
-320.00 -40.00
-340.00 -40.00
-320.00 -40.00
-340.00 -40.00
-340.00 -80.00
-420.00 -80.00
-560.00 -80.00
-640.00 -80.00
-660.00 -80.00
-680.00 -80.00
-660.00 -80.00
-700.00 -80.00
-680.00 -80.00
-700.00 -80.00
-680.00 -80.00
-700.00 -80.00
-680.00 -80.00
-700.00 -80.00
-680.00 -80.00
-700.00 -80.00
-680.00 -80.00
-700.00 -80.00
-700.00 -80.00
-680.00 -80.00
-700.00 -80.00
-700.00 -80.00
-680.00 -80.00
-700.00 -80.00
-680.00 -80.00
-700.00 -80.00
-700.00 -80.00
-680.00 -80.00
-680.00 -80.00
-700.00 -80.00
-700.00 -80.00
-680.00 -80.00
-700.00 -80.00
-680.00 -80.00
-700.00 -80.00
-700.00 -80.00
-680.00 -80.00
-700.00 -80.00
-680.00 -80.00
-700.00 -80.00
-680.00 -80.00
-700.00 -80.00
-700.00 -80.00
-680.00 -80.00
-700.00 -80.00
-680.00 -80.00
-700.00 -80.00
-680.00 -80.00
-700.00 -80.00
-700.00 -80.00
-680.00 -80.00
-700.00 -80.00
-680.00 -80.00
-700.00 -80.00
-680.00 -80.00
-700.00 -80.00
-700.00 -80.00
-680.00 -80.00
-700.00 -80.00
-680.00 -80.00
-700.00 -80.00
-700.00 -80.00
-680.00 -80.00
-700.00 -80.00
-700.00 -80.00
-680.00 -80.00
-700.00 -80.00
-680.00 -80.00
-700.00 -80.00
-700.00 -80.00
-680.00 -80.00
-700.00 -80.00
-700.00 -80.00
-700.00 -80.00
-680.00 -80.00
