0.00 20.00
40.00 20.00
100.00 20.00
140.00 20.00
140.00 20.00
140.00 20.00
140.00 20.00
140.00 20.00
160.00 20.00
140.00 20.00
160.00 20.00
140.00 20.00
160.00 20.00
140.00 20.00
140.00 20.00
160.00 20.00
140.00 20.00
140.00 20.00
160.00 20.00
140.00 20.00
160.00 20.00
160.00 20.00
140.00 20.00
140.00 20.00
160.00 20.00
140.00 50.00
220.00 50.00
320.00 50.00
380.00 50.00
400.00 50.00
400.00 50.00
400.00 50.00
420.00 50.00
400.00 50.00
420.00 50.00
420.00 50.00
420.00 50.00
420.00 50.00
420.00 50.00
400.00 50.00
420.00 50.00
420.00 50.00
420.00 50.00
400.00 50.00
420.00 50.00
420.00 50.00
420.00 50.00
400.00 50.00
420.00 50.00
420.00 50.00
420.00 50.00
420.00 50.00
400.00 50.00
420.00 50.00
420.00 50.00
400.00 50.00
420.00 50.00
420.00 50.00
420.00 50.00
420.00 50.00
400.00 50.00
420.00 50.00
420.00 50.00
400.00 50.00
420.00 50.00
420.00 50.00
420.00 50.00
420.00 50.00
400.00 50.00
420.00 50.00
420.00 50.00
420.00 50.00
400.00 50.00
420.00 50.00
420.00 50.00
420.00 50.00
400.00 50.00
420.00 50.00
420.00 50.00
420.00 50.00
400.00 50.00
420.00 50.00
420.00 50.00
420.00 50.00
400.00 50.00
420.00 50.00
420.00 50.00
420.00 50.00
420.00 50.00
400.00 50.00
420.00 50.00
420.00 50.00
400.00 50.00
420.00 50.00
420.00 50.00
420.00 50.00
400.00 50.00
420.00 50.00
420.00 50.00
420.00 50.00
