0.00 30.00
80.00 30.00
160.00 30.00
200.00 30.00
220.00 30.00
220.00 30.00
220.00 30.00
240.00 30.00
240.00 30.00
220.00 30.00
240.00 30.00
240.00 30.00
240.00 30.00
220.00 30.00
240.00 30.00
240.00 30.00
240.00 30.00
220.00 30.00
240.00 30.00
240.00 30.00
240.00 30.00
240.00 30.00
220.00 30.00
240.00 30.00
240.00 30.00
240.00 60.00
300.00 60.00
420.00 60.00
460.00 60.00
480.00 60.00
500.00 60.00
500.00 60.00
500.00 60.00
520.00 60.00
500.00 60.00
500.00 60.00
520.00 60.00
500.00 60.00
500.00 60.00
520.00 60.00
500.00 60.00
500.00 60.00
520.00 60.00
500.00 60.00
520.00 60.00
500.00 60.00
500.00 60.00
520.00 60.00
500.00 60.00
520.00 60.00
500.00 60.00
500.00 60.00
520.00 60.00
500.00 60.00
520.00 60.00
500.00 60.00
520.00 60.00
500.00 60.00
500.00 60.00
520.00 60.00
500.00 60.00
500.00 60.00
520.00 60.00
500.00 60.00
500.00 60.00
520.00 60.00
500.00 60.00
520.00 60.00
500.00 60.00
520.00 60.00
500.00 60.00
500.00 60.00
520.00 60.00
500.00 60.00
520.00 60.00
500.00 60.00
500.00 60.00
520.00 60.00
500.00 60.00
500.00 60.00
520.00 60.00
500.00 60.00
520.00 60.00
500.00 60.00
500.00 60.00
520.00 60.00
500.00 60.00
520.00 60.00
500.00 60.00
520.00 60.00
500.00 60.00
500.00 60.00
520.00 60.00
500.00 60.00
500.00 60.00
520.00 60.00
500.00 60.00
520.00 60.00
500.00 60.00
500.00 60.00
