0 0.00
0 0.00
0 0.00
0 0.00
0 0.00
0 0.00
0 0.00
0 0.00
0 0.00
0 0.00
0 0.00
0 0.00
0 0.00
0 0.00
0 0.00
0 0.00
0 0.00
0 0.00
0 0.00
0 0.00
0 0.00
0 0.00
0 0.00
0 0.00
0 0.00
0 -35.00
-4 -35.00
-14 -35.00
-26 -35.00
-39 -35.00
-52 -35.00
-66 -35.00
-80 -35.00
-94 -35.00
-108 -35.00
-122 -35.00
-136 -35.00
-150 -35.00
-165 -35.00
-178 -35.00
-192 -35.00
-207 -35.00
-221 -35.00
-235 -35.00
-249 -35.00
-263 -35.00
-277 -35.00
-291 -35.00
-305 -35.00
-319 -35.00
-333 -35.00
-347 -35.00
-361 -35.00
-375 -35.00
-389 -35.00
-404 -35.00
-418 -35.00
-432 -35.00
-446 -35.00
-460 -35.00
-474 -35.00
-488 -35.00
-502 -35.00
-516 -35.00
-530 -35.00
-544 -35.00
-558 -35.00
-572 -35.00
-586 -35.00
-600 -35.00
-614 -35.00
-628 -35.00
-643 -35.00
-656 -35.00
-671 -35.00
-685 -35.00
-699 -35.00
-713 -35.00
-727 -35.00
-741 -35.00
-755 -35.00
-769 -35.00
-783 -35.00
-797 -35.00
-811 -35.00
-825 -35.00
-839 -35.00
-853 -35.00
-867 -35.00
-881 -35.00
-895 -35.00
-909 -35.00
-923 -35.00
-937 -35.00
-951 -35.00
-965 -35.00
-979 -35.00
-993 -35.00
-1007 -35.00
-1022 -35.00
