0 0.00
0 0.00
0 0.00
0 0.00
0 0.00
0 0.00
0 0.00
0 0.00
0 0.00
0 0.00
0 0.00
0 0.00
0 0.00
0 0.00
0 0.00
0 0.00
0 0.00
0 0.00
0 0.00
0 0.00
0 0.00
0 0.00
0 0.00
0 0.00
0 0.00
0 30.00
3 30.00
11 30.00
21 30.00
32 30.00
43 30.00
55 30.00
66 30.00
78 30.00
90 30.00
102 30.00
113 30.00
125 30.00
137 30.00
149 30.00
161 30.00
173 30.00
185 30.00
196 30.00
208 30.00
220 30.00
232 30.00
244 30.00
256 30.00
267 30.00
279 30.00
291 30.00
303 30.00
315 30.00
326 30.00
338 30.00
350 30.00
362 30.00
374 30.00
386 30.00
398 30.00
409 30.00
421 30.00
433 30.00
445 30.00
457 30.00
469 30.00
480 30.00
492 30.00
504 30.00
516 30.00
528 30.00
540 30.00
551 30.00
564 30.00
575 30.00
587 30.00
599 30.00
611 30.00
623 30.00
635 30.00
646 30.00
658 30.00
670 30.00
682 30.00
693 30.00
705 30.00
717 30.00
729 30.00
741 30.00
753 30.00
764 30.00
776 30.00
788 30.00
800 30.00
812 30.00
824 30.00
836 30.00
847 30.00
859 30.00
