0 0.00
0 0.00
0 0.00
0 0.00
0 0.00
0 0.00
0 0.00
0 0.00
0 0.00
0 0.00
0 0.00
0 0.00
0 0.00
0 0.00
0 0.00
0 0.00
0 0.00
0 0.00
0 0.00
0 0.00
0 0.00
0 0.00
0 0.00
0 0.00
0 0.00
0 -40.00
-4 -40.00
-16 -40.00
-29 -40.00
-45 -40.00
-61 -40.00
-77 -40.00
-93 -40.00
-110 -40.00
-126 -40.00
-143 -40.00
-160 -40.00
-176 -40.00
-193 -40.00
-209 -40.00
-226 -40.00
-242 -40.00
-259 -40.00
-276 -40.00
-292 -40.00
-309 -40.00
-325 -40.00
-342 -40.00
-359 -40.00
-375 -40.00
-392 -40.00
-408 -40.00
-425 -40.00
-442 -40.00
-458 -40.00
-475 -40.00
-491 -40.00
-508 -40.00
-525 -40.00
-541 -40.00
-558 -40.00
-574 -40.00
-591 -40.00
-607 -40.00
-624 -40.00
-641 -40.00
-657 -40.00
-674 -40.00
-691 -40.00
-707 -40.00
-724 -40.00
-740 -40.00
-757 -40.00
-773 -40.00
-790 -40.00
-807 -40.00
-823 -40.00
-840 -40.00
-856 -40.00
-873 -40.00
-890 -40.00
-906 -40.00
-923 -40.00
-939 -40.00
-956 -40.00
-972 -40.00
-989 -40.00
-1006 -40.00
-1022 -40.00
-1039 -40.00
-1055 -40.00
-1072 -40.00
-1089 -40.00
-1105 -40.00
-1122 -40.00
-1138 -40.00
-1155 -40.00
-1172 -40.00
-1188 -40.00
-1205 -40.00
