0 0.00
0 0.00
0 0.00
0 0.00
0 0.00
0 0.00
0 0.00
0 0.00
0 0.00
0 0.00
0 0.00
0 0.00
0 0.00
0 0.00
0 0.00
0 0.00
0 0.00
0 0.00
0 0.00
0 0.00
0 0.00
0 0.00
0 0.00
0 0.00
0 0.00
0 35.00
4 35.00
14 35.00
25 35.00
38 35.00
52 35.00
65 35.00
79 35.00
93 35.00
107 35.00
121 35.00
135 35.00
149 35.00
163 35.00
177 35.00
190 35.00
205 35.00
219 35.00
233 35.00
246 35.00
261 35.00
275 35.00
288 35.00
303 35.00
317 35.00
330 35.00
345 35.00
358 35.00
373 35.00
387 35.00
401 35.00
415 35.00
429 35.00
443 35.00
457 35.00
471 35.00
485 35.00
499 35.00
512 35.00
526 35.00
541 35.00
554 35.00
569 35.00
583 35.00
596 35.00
611 35.00
624 35.00
639 35.00
653 35.00
667 35.00
681 35.00
694 35.00
709 35.00
723 35.00
737 35.00
751 35.00
765 35.00
779 35.00
792 35.00
807 35.00
821 35.00
835 35.00
849 35.00
862 35.00
877 35.00
890 35.00
904 35.00
918 35.00
932 35.00
947 35.00
960 35.00
974 35.00
988 35.00
1002 35.00
1016 35.00
