0 0.00
0 0.00
0 0.00
0 0.00
0 0.00
0 0.00
0 0.00
0 0.00
0 0.00
0 0.00
0 0.00
0 0.00
0 0.00
0 0.00
0 0.00
0 0.00
0 0.00
0 0.00
0 0.00
0 0.00
0 0.00
0 0.00
0 0.00
0 0.00
0 0.00
0 20.00
2 20.00
7 20.00
13 20.00
21 20.00
28 20.00
35 20.00
43 20.00
50 20.00
57 20.00
65 20.00
72 20.00
80 20.00
88 20.00
95 20.00
103 20.00
110 20.00
118 20.00
125 20.00
133 20.00
141 20.00
148 20.00
155 20.00
163 20.00
170 20.00
178 20.00
186 20.00
193 20.00
201 20.00
209 20.00
216 20.00
223 20.00
231 20.00
239 20.00
246 20.00
253 20.00
261 20.00
268 20.00
276 20.00
284 20.00
291 20.00
299 20.00
307 20.00
314 20.00
322 20.00
329 20.00
336 20.00
344 20.00
352 20.00
359 20.00
367 20.00
375 20.00
382 20.00
390 20.00
397 20.00
405 20.00
412 20.00
420 20.00
427 20.00
434 20.00
442 20.00
450 20.00
457 20.00
465 20.00
473 20.00
480 20.00
487 20.00
495 20.00
503 20.00
510 20.00
517 20.00
525 20.00
532 20.00
540 20.00
547 20.00
