0 0.00
0 0.00
0 0.00
0 0.00
0 0.00
0 0.00
0 0.00
0 0.00
0 0.00
0 0.00
0 0.00
0 0.00
0 0.00
0 0.00
0 0.00
0 0.00
0 0.00
0 0.00
0 0.00
0 0.00
0 0.00
0 0.00
0 0.00
0 0.00
0 0.00
0 -20.00
-2 -20.00
-7 -20.00
-13 -20.00
-20 -20.00
-28 -20.00
-35 -20.00
-42 -20.00
-50 -20.00
-57 -20.00
-65 -20.00
-73 -20.00
-80 -20.00
-87 -20.00
-95 -20.00
-103 -20.00
-110 -20.00
-117 -20.00
-125 -20.00
-133 -20.00
-140 -20.00
-148 -20.00
-155 -20.00
-163 -20.00
-170 -20.00
-178 -20.00
-185 -20.00
-193 -20.00
-200 -20.00
-207 -20.00
-215 -20.00
-223 -20.00
-230 -20.00
-238 -20.00
-246 -20.00
-253 -20.00
-260 -20.00
-268 -20.00
-275 -20.00
-283 -20.00
-290 -20.00
-298 -20.00
-305 -20.00
-313 -20.00
-321 -20.00
-328 -20.00
-336 -20.00
-343 -20.00
-351 -20.00
-358 -20.00
-366 -20.00
-373 -20.00
-381 -20.00
-388 -20.00
-395 -20.00
-403 -20.00
-411 -20.00
-418 -20.00
-426 -20.00
-434 -20.00
-441 -20.00
-448 -20.00
-456 -20.00
-463 -20.00
-471 -20.00
-478 -20.00
-486 -20.00
-493 -20.00
-501 -20.00
-509 -20.00
-516 -20.00
-524 -20.00
-531 -20.00
-538 -20.00
-546 -20.00
