0 0.00
0 0.00
0 0.00
0 0.00
0 0.00
0 0.00
0 0.00
0 0.00
0 0.00
0 0.00
0 0.00
0 0.00
0 0.00
0 0.00
0 0.00
0 0.00
0 0.00
0 0.00
0 0.00
0 0.00
0 0.00
0 0.00
0 0.00
0 0.00
0 0.00
0 -30.00
-3 -30.00
-11 -30.00
-22 -30.00
-33 -30.00
-44 -30.00
-56 -30.00
-68 -30.00
-79 -30.00
-91 -30.00
-103 -30.00
-115 -30.00
-127 -30.00
-139 -30.00
-151 -30.00
-163 -30.00
-175 -30.00
-187 -30.00
-198 -30.00
-210 -30.00
-222 -30.00
-234 -30.00
-246 -30.00
-258 -30.00
-270 -30.00
-282 -30.00
-293 -30.00
-306 -30.00
-317 -30.00
-329 -30.00
-341 -30.00
-353 -30.00
-365 -30.00
-377 -30.00
-388 -30.00
-401 -30.00
-412 -30.00
-424 -30.00
-436 -30.00
-448 -30.00
-460 -30.00
-472 -30.00
-484 -30.00
-496 -30.00
-507 -30.00
-519 -30.00
-531 -30.00
-543 -30.00
-555 -30.00
-567 -30.00
-579 -30.00
-591 -30.00
-602 -30.00
-614 -30.00
-626 -30.00
-638 -30.00
-650 -30.00
-662 -30.00
-674 -30.00
-686 -30.00
-697 -30.00
-709 -30.00
-721 -30.00
-733 -30.00
-745 -30.00
-757 -30.00
-768 -30.00
-780 -30.00
-792 -30.00
-804 -30.00
-816 -30.00
-828 -30.00
-840 -30.00
-852 -30.00
-863 -30.00
