0 0.00
0 0.00
0 0.00
0 0.00
0 0.00
0 0.00
0 0.00
0 0.00
0 0.00
0 0.00
0 0.00
0 0.00
0 0.00
0 0.00
0 0.00
0 0.00
0 0.00
0 0.00
0 0.00
0 0.00
0 0.00
0 0.00
0 0.00
0 0.00
0 0.00
0 40.00
5 40.00
16 40.00
30 40.00
45 40.00
61 40.00
77 40.00
93 40.00
110 40.00
126 40.00
143 40.00
159 40.00
175 40.00
192 40.00
208 40.00
225 40.00
242 40.00
258 40.00
274 40.00
291 40.00
308 40.00
324 40.00
341 40.00
357 40.00
374 40.00
390 40.00
407 40.00
423 40.00
440 40.00
456 40.00
473 40.00
489 40.00
506 40.00
522 40.00
539 40.00
555 40.00
572 40.00
588 40.00
605 40.00
621 40.00
638 40.00
654 40.00
671 40.00
687 40.00
704 40.00
721 40.00
737 40.00
753 40.00
770 40.00
787 40.00
803 40.00
819 40.00
836 40.00
852 40.00
869 40.00
886 40.00
902 40.00
918 40.00
935 40.00
951 40.00
968 40.00
984 40.00
1001 40.00
1017 40.00
1034 40.00
1051 40.00
1067 40.00
1083 40.00
1100 40.00
1116 40.00
1133 40.00
1150 40.00
1166 40.00
1182 40.00
1199 40.00
